name: rnaseq
channels:
  - conda-forge
  - bioconda
  - defaults
dependencies:
  - _openmp_mutex=4.5=20_gnu
  - bzip2=1.0.8=hda65f42_9
  - c-ares=1.34.6=hb03c661_0
  - ca-certificates=2026.6.17=hbd8a1cb_0
  - curl=8.20.0=hcf29cc6_0
  - fastp=1.3.4=h43da1c4_0
  - hisat2=2.2.2=h503566f_0
  - htslib=1.23.1=h633afcb_0
  - isa-l=2.31.1=hb9d3cd8_1
  - keyutils=1.6.3=hb9d3cd8_0
  - krb5=1.22.2=hbde042b_1
  - ld_impl_linux-64=2.45.1=default_hbd61a6d_102
  - libcurl=8.20.0=hcf29cc6_0
  - libdeflate=1.25=h17f619e_0
  - libedit=3.1.20250104=pl5321h7949ede_0
  - libev=4.33=hd590300_2
  - libexpat=2.8.1=hecca717_1
  - libffi=3.5.2=h3435931_0
  - libgcc=15.2.0=he0feb66_19
  - libgcc-ng=15.2.0=h69a702a_19
  - libgomp=15.2.0=he0feb66_19
  - libhwy=1.3.0=h4c17acf_1
  - libiconv=1.18=h3b78370_2
  - liblzma=5.8.3=hb03c661_0
  - libmpdec=4.0.0=hb03c661_1
  - libnghttp2=1.68.1=h877daf1_0
  - libsqlite=3.53.2=h0c1763c_0
  - libssh2=1.11.1=hcf80075_0
  - libstdcxx=15.2.0=h934c35e_19
  - libuuid=2.42.2=h5347b49_0
  - libxcrypt=4.4.36=hd590300_1
  - libxml2=2.14.6=h031cc0b_3
  - libxml2-16=2.14.6=hf2a90c1_3
  - libzlib=1.3.2=h25fd6f3_2
  - ncurses=6.6=hdb14827_0
  - openssl=3.6.3=h35e630c_0
  - ossuuid=1.6.2=h5888daf_1001
  - perl=5.32.1=7_hd590300_perl5
  - perl-alien-build=2.84=pl5321h7b50bb2_1
  - perl-alien-build-plugin-download-gitlab=0.01=pl5321hdfd78af_0
  - perl-alien-libxml2=0.20=pl5321hd2ab53c_0
  - perl-business-isbn=3.007=pl5321hd8ed1ab_0
  - perl-business-isbn-data=20210112.006=pl5321hd8ed1ab_0
  - perl-capture-tiny=0.48=pl5321ha770c72_1
  - perl-carp=1.50=pl5321hd8ed1ab_0
  - perl-constant=1.33=pl5321hd8ed1ab_0
  - perl-exporter=5.74=pl5321hd8ed1ab_0
  - perl-extutils-makemaker=7.70=pl5321hd8ed1ab_0
  - perl-ffi-checklib=0.28=pl5321hdfd78af_0
  - perl-file-chdir=0.1011=pl5321hd8ed1ab_0
  - perl-file-path=2.18=pl5321hd8ed1ab_0
  - perl-file-temp=0.2304=pl5321hd8ed1ab_0
  - perl-file-which=1.24=pl5321hd8ed1ab_0
  - perl-importer=0.026=pl5321hd8ed1ab_0
  - perl-parent=0.243=pl5321hd8ed1ab_0
  - perl-path-tiny=0.150=pl5321hd8ed1ab_0
  - perl-pathtools=3.75=pl5321hb9d3cd8_2
  - perl-scope-guard=0.21=pl5321hd8ed1ab_0
  - perl-sub-info=0.002=pl5321hd8ed1ab_0
  - perl-term-table=0.028=pl5321hdfd78af_0
  - perl-test-fatal=0.016=pl5321ha770c72_0
  - perl-test-warnings=0.031=pl5321ha770c72_0
  - perl-test2-suite=0.000163=pl5321hdfd78af_0
  - perl-try-tiny=0.31=pl5321ha770c72_0
  - perl-uri=5.35=pl5321ha770c72_0
  - perl-xml-libxml=2.0210=pl5321hd2ab53c_1
  - perl-xml-namespacesupport=1.12=pl5321hd8ed1ab_0
  - perl-xml-sax=1.02=pl5321hd8ed1ab_0
  - perl-xml-sax-base=1.09=pl5321hd8ed1ab_0
  - pip=26.1.2=pyh145f28c_0
  - python=3.14.6=habeac84_100_cp314
  - python_abi=3.14=8_cp314
  - readline=8.3=h853b02a_0
  - salmon=2.1.1=hfa8f182_0
  - samtools=1.23.1=ha83d96e_0
  - sra-tools=3.4.1=2_linux_64
  - tk=8.6.13=noxft_h366c992_103
  - tzdata=2025c=hc9c84f9_1
  - zstd=1.5.7=hb78ec9c_6
prefix: /home/jossimarvicente/miniconda3/envs/rnaseq
